45 7
132 7
88 2
93 2
72 4
31 0
77 0
78 0
40 0
60 6
137 0
129 0
7 0
5 0
48 0
80 0
46 0
98 6
47 4
95 3
120 0
97 0
43 0
46 4
101 0
57 0
38 0
117 0
109 6
139 0
85 0
16 0
127 0
76 0
18 0
33 0
76 5
37 4
33 0
1 0
123 0
138 0
92 4
10 0
26 0
68 0
1 0
1 1
20 0
28 1
111 0
87 1
1 0
60 4
118 4
132 0
83 0
117 0
81 0
28 3
1 0
25 0
35 0
133 6
63 0
85 0
130 0
106 0
138 0
70 0
107 6
0 0
127 0
130 0
1 0
88 0
77 0
99 5
78 1
121 0
127 4
111 0
13 0
110 0
21 0
47 6
132 0
137 0
54 0
132 0
128 0
67 0
80 5
94 0
53 0
107 0
52 0
4 0
62 3
62 0
133 0
31 0
4 0
114 3
52 0
89 2
56 0
50 0
39 7
94 0
110 0
18 0
86 0
59 0
91 0
33 0
127 6
129 5
0 4
58 0
60 0
15 0
107 0
123 4
58 0
120 0
101 0
37 0
55 1
15 0
135 7
114 0
60 0
114 0
26 0
76 0
48 0
48 0
138 2
82 0
136 0
90 6
4 1
40 0
17 1
129 0
25 4
60 0
128 0
26 0
80 0
87 0
16 1
41 0
106 0
22 6
1 7
66 0
73 0
35 0
57 0
56 0
77 0
69 0
5 7
129 0
22 0
116 0
61 0
4 0
104 0
130 0
108 3
57 0
121 0
26 0
14 5
76 0
53 0
13 0
34 0
102 0
16 1
41 0
106 0
0 6
115 2
51 0
119 0
80 2
67 0
45 0
53 0
76 1
36 0
103 0
11 1
14 0
87 5
91 0
1 7
50 0
54 0
86 0
62 0
123 0
2 0
74 0
57 5
76 0
108 0
121 0
10 0
36 0
26 3
109 0
115 0
60 0
25 3
62 0
109 0
22 0
70 7
124 0
139 6
41 0
107 0
3 0
49 0
108 0
33 0
55 6
14 0
131 0
110 0
65 0
94 0
114 0
23 0
47 3
25 0
17 0
103 0
63 4
118 0
108 0
126 0
123 0
134 1
121 0
127 0
88 5
59 0
4 7
104 0
121 6
58 0
14 0
92 0
118 0
12 0
135 0
119 6
59 0
100 0
23 0
119 0
104 0
67 0
56 0
118 5
105 0
38 0
10 0
79 0
36 0
25 4
28 0
11 0
70 0
136 0
43 2
84 0
101 0
23 5
48 5
63 0
120 0
87 0
69 0
80 0
37 5
51 0
113 0
25 0
62 0
124 0
39 0
13 0
27 5
9 0
50 0
104 0
82 0
94 0
41 5
22 7
59 0
70 0
39 0
135 0
8 0
96 0
68 0
11 3
56 0
109 0
135 0
84 2
22 0
55 0
13 3
122 0
62 0
83 0
111 5
68 0
131 0
83 0
118 0
121 0
20 4
5 0
105 6
98 0
8 0
74 0
1 0
70 0
81 0
79 6
61 0
4 0
134 0
74 0
89 0
139 0
23 3
22 0
30 0
111 0
59 6
95 7
67 5
108 0
89 0
135 0
35 0
38 0
116 3
82 0
17 0
42 0
19 0
78 5
24 0
103 0
101 0
47 0
112 0
23 7
22 0
29 0
64 0
130 0
137 0
38 0
88 0
13 1
37 0
135 4
108 0
60 0
113 0
107 0
6 2
128 7
137 0
101 0
3 0
11 0
131 0
101 0
77 0
91 6
30 0
90 0
70 0
36 0
17 0
59 0
106 4
3 7
28 0
13 0
94 0
92 0
115 0
87 0
22 0
137 7
70 0
12 0
1 0
56 0
122 0
94 0
44 0
139 6
71 0
87 0
70 0
7 0
55 0
13 0
50 4
27 0
23 0
7 0
82 0
109 5
31 0
108 1
121 0
139 1
9 0
71 4
38 0
133 0
106 0
108 0
108 2
94 0
4 0
95 7
64 0
126 3
79 0
63 0
58 0
19 0
51 5
17 0
103 0
101 0
41 0
112 0
23 7
22 0
48 0
64 0
130 0
137 0
38 0
88 0
13 1
37 0
135 4
108 0
60 0
113 0
107 0
97 3
51 0
119 0
135 3
11 0
17 0
39 0
59 6
35 6
59 2
3 0
105 0
132 5
58 0
58 0
130 0
73 0
59 0
19 0
51 5
17 0
103 0
101 0
31 0
112 0
23 7
22 0
38 0
109 0
130 0
137 0
38 0
88 0
13 1
37 0
69 0
97 3
39 0
71 0
58 6
109 0
129 0
36 0
109 0
119 0
105 0
12 6
70 5
43 0
58 0
30 0
121 0
63 0
126 7
121 0
70 0
125 0
52 0
67 0
74 0
79 0
139 1
9 0
62 4
38 0
133 0
121 0
108 0
108 2
56 0
4 0
71 1
122 0
95 7
20 0
126 3
79 0
108 0
58 0
19 0
51 5
17 0
103 0
101 0
31 0
112 0
23 7
22 0
29 0
64 0
130 0
137 0
38 0
88 0
13 1
37 0
135 4
108 0
60 0
113 0
107 0
131 4
87 1
83 0
119 0
44 4
11 0
17 0
39 0
135 0
41 7
18 0
98 0
47 0
20 0
79 0
98 0
108 0
100 7
19 0
37 2
20 4
116 3
64 0
78 0
40 0
23 0
108 1
100 0
97 0
43 6
120 0
30 5
92 0
117 0
134 0
127 0
37 0
67 5
43 0
129 0
100 0
115 0
115 0
48 7
119 0
76 0
137 0
87 0
131 0
62 0
119 0
101 7
125 0
109 0
120 0
95 0
122 0
41 0
94 0
44 1
99 0
16 4
71 0
76 0
24 5
46 3
10 0
93 0
66 0
30 3
65 0
103 0
79 0
130 7
35 0
36 0
82 0
138 0
74 0
15 0
101 0
3 0
6 1
116 0
21 4
98 1
51 0
11 4
90 0
120 0
33 0
109 0
77 6
126 0
21 0
33 0
14 0
97 0
66 0
131 4
129 0
50 0
42 0
131 0
86 5
120 5
80 1
58 0
23 7
22 0
26 0
138 0
64 0
53 0
86 0
17 0
17 6
83 0
55 0
79 0
91 0
97 0
57 0
1 1
99 0
102 5
46 0
4 0
24 0
132 0
105 0
42 7
84 6
16 0
24 0
71 0
87 0
59 0
106 0
109 5
116 0
100 0
10 0
62 0
63 0
28 1
4 0
110 4
95 0
79 0
39 0
108 0
93 4
32 0
54 0
87 0
74 0
114 7
120 0
2 0
67 0
48 0
130 0
126 0
29 0
58 3
5 0
104 0
93 0
80 7
133 1
43 0
103 5
10 0
55 0
106 0
118 0
20 0
7 2
74 0
106 0
109 0
137 5
51 0
76 0
1 0
12 0
74 0
30 3
17 0
48 0
47 0
110 0
121 3
1 5
34 0
38 0
23 0
6 0
4 0
13 6
23 0
35 0
113 0
1 0
4 0
33 0
10 6
84 0
86 0
107 0
109 0
20 0
9 0
99 4
45 5
8 0
58 0
70 0
99 0
108 0
105 2
125 0
118 0
4 0
25 5
22 0
42 0
23 0
32 0
8 0
38 6
4 1
87 4
82 0
45 0
2 0
111 0
37 0
91 3
48 5
50 0
127 0
87 0
69 0
80 0
37 5
4 0
22 0
32 0
62 0
124 0
62 2
74 0
31 0
16 1
63 1
139 0
41 5
36 6
53 0
117 0
108 0
3 0
134 0
29 0
8 2
82 0
60 0
89 6
61 0
77 0
23 0
74 0
88 0
88 0
23 3
22 0
30 0
111 0
137 3
45 0
7 0
94 0
127 2
42 5
78 0
31 0
1 0
118 0
131 0
58 0
103 3
97 2
50 3
95 0
95 0
91 0
29 2
37 0
60 0
6 6
136 7
125 0
30 0
79 0
139 0
131 0
139 0
26 0
127 5
39 0
105 0
28 0
97 0
10 0
101 0
35 4
58 0
119 0
1 0
28 0
117 5
19 0
61 0
33 0
12 0
65 0
51 7
41 0
35 0
137 0
71 0
27 0
136 0
0 0
3 4
3 7
127 0
86 0
17 0
92 0
115 0
66 0
22 0
0 6
138 0
87 0
117 0
134 0
48 0
57 0
33 3
29 0
29 0
134 0
92 1
3 0
60 0
42 6
23 0
39 5
49 5
106 3
116 0
35 0
3 0
101 3
136 0
115 0
73 0
108 1
96 0
46 2
79 0
49 0
80 1
32 0
129 6
10 5
42 0
127 0
47 0
37 0
22 0
12 3
57 0
95 0
47 0
108 3
43 0
21 0
100 0
72 6
56 0
133 0
77 0
100 0
30 0
136 0
27 2
125 0
102 0
62 6
10 0
63 0
73 0
32 0
60 0
127 0
107 5
24 5
82 0
36 0
109 0
65 0
64 0
130 5
8 0
93 0
82 0
14 0
42 0
54 0
125 7
26 0
51 0
117 0
131 0
40 0
128 0
61 0
95 7
100 0
102 0
93 0
24 0
47 0
137 0
84 0
34 4
93 3
3 0
35 0
107 0
87 0
44 6
138 0
52 0
43 0
92 0
78 0
97 0
6 7
72 0
111 0
33 0
102 0
43 0
134 0
76 0
8 2
61 3
37 0
4 0
88 0
85 7
132 0
134 0
88 0
131 0
6 0
114 0
89 0
89 0
103 4
48 4
100 2
74 0
25 0
53 6
103 0
43 0
138 0
110 0
17 0
86 0
4 3
82 0
138 0
68 0
91 0
16 1
130 5
91 0
24 0
30 0
86 0
34 0
80 7
108 5
57 0
52 0
75 0
43 0
78 0
38 4
119 0
105 0
106 0
118 0
101 3
61 0
106 0
60 0
109 0
137 5
51 0
76 0
1 0
12 0
74 0
30 3
17 0
48 0
47 0
110 0
3 1
41 7
27 0
0 0
39 0
9 0
71 0
58 0
65 0
38 6
31 0
84 7
14 7
91 0
73 0
77 0
83 0
129 0
70 0
26 0
40 3
78 0
93 0
33 0
81 0
102 7
6 0
24 0
132 0
36 0
106 0
48 0
95 0
110 4
119 0
116 0
118 0
13 0
64 6
97 0
13 0
83 0
54 0
12 0
131 0
58 4
74 0
136 0
17 0
119 0
74 7
90 5
10 0
135 0
14 0
51 0
33 0
47 2
72 0
63 0
94 5
46 0
138 0
32 0
18 0
100 0
86 1
123 0
37 2
78 0
120 0
119 7
6 0
53 0
14 0
108 0
74 0
24 0
73 0
89 7
106 0
3 0
22 0
51 0
66 0
29 0
5 0
67 7
3 4
106 0
115 0
58 0
11 0
99 7
1 0
19 0
87 0
106 0
34 0
105 0
46 0
49 1
33 0
85 6
69 0
33 0
113 0
72 0
55 0
24 0
11 4
41 0
78 0
32 0
56 0
128 7
81 0
120 0
4 0
93 0
96 0
102 0
94 0
21 7
87 0
31 0
22 0
34 0
26 0
57 0
139 0
118 0
127 2
42 5
78 0
31 0
1 0
118 0
131 0
58 0
103 3
84 5
63 7
73 0
108 0
91 0
103 0
24 0
112 0
114 0
120 5
64 0
24 0
69 0
127 0
34 0
101 3
67 0
92 0
67 0
113 3
101 0
12 0
44 0
113 0
34 5
68 5
20 0
64 0
66 0
96 0
108 0
102 4
13 0
94 0
93 0
97 0
131 3
88 0
37 0
136 0
97 1
88 0
114 0
93 3
26 3
127 0
86 0
43 0
64 1
0 0
115 3
80 0
0 0
130 0
132 7
68 5
8 7
44 0
94 4
9 0
76 0
90 0
57 0
53 2
133 0
26 0
80 7
39 0
74 0
67 0
31 0
118 0
8 0
127 0
60 1
67 0
99 7
64 0
90 0
9 0
0 0
136 0
72 0
49 0
84 0
85 3
41 1
34 0
35 7
57 0
69 0
38 0
59 0
105 0
51 0
59 0
111 0
101 7
129 7
77 0
62 0
100 0
17 0
23 0
111 0
93 0
126 0
38 6
121 0
85 0
11 0
118 0
119 0
58 0
14 0
127 0
45 3
47 0
116 0
42 0
27 6
131 0
80 0
114 0
114 0
71 0
43 0
39 7
4 5
6 0
81 0
103 0
106 0
110 0
138 1
64 0
136 1
114 0
106 6
59 0
118 0
129 0
50 0
36 0
3 0
111 0
139 0
107 3
4 0
21 0
98 0
131 5
139 5
118 0
114 0
103 0
89 0
113 0
96 1
121 0
113 7
88 0
112 0
70 0
94 0
101 0
132 0
114 0
116 3
22 0
127 0
131 0
1 2
136 0
22 0
5 3
47 4
137 6
131 0
40 0
46 0
116 0
69 0
24 0
38 3
35 0
57 0
19 0
134 5
96 0
85 0
16 0
127 0
76 0
33 0
40 6
84 0
127 3
10 0
82 0
83 0
134 5
39 0
61 0
100 0
109 0
99 0
69 4
111 0
50 0
98 0
110 0
27 2
109 0
84 0
112 5
16 0
63 0
51 0
32 0
131 0
60 4
137 5
68 0
58 0
69 0
37 0
18 0
10 5
1 0
73 0
124 0
123 0
80 0
111 1
70 0
3 1
22 0
65 1
45 1
99 6
127 0
10 0
20 0
118 0
83 0
49 0
103 4
48 4
100 2
74 0
68 0
53 6
103 0
43 0
44 0
110 0
5 0
27 0
4 3
82 0
138 0
68 0
91 0
28 2
130 5
91 0
58 0
78 0
52 0
34 0
99 0
56 1
83 4
33 0
52 0
88 0
138 0
3 1
41 7
27 0
0 0
39 0
9 0
71 0
9 0
65 0
129 2
130 6
76 4
51 0
89 0
135 0
47 0
42 7
30 0
37 0
136 0
30 0
5 0
127 0
121 0
88 7
49 0
59 0
125 0
36 0
69 0
17 0
26 0
12 2
13 0
73 0
67 3
75 0
105 0
7 0
87 1
96 0
33 4
29 7
91 0
66 0
121 0
9 0
84 0
121 0
109 0
40 4
75 0
4 0
45 0
86 0
78 6
21 0
104 0
122 0
100 0
117 0
67 0
27 5
2 0
133 0
56 0
102 0
46 0
59 6
95 7
66 5
18 0
59 0
76 0
76 0
24 0
116 3
82 0
24 0
99 0
19 0
51 5
17 0
103 0
101 0
130 0
112 0
23 7
22 0
29 0
64 0
130 0
137 0
38 0
88 0
13 1
37 0
135 4
108 0
60 0
113 0
107 0
20 3
121 0
121 1
102 0
49 4
11 0
63 0
125 0
67 0
25 7
80 0
26 2
98 0
11 0
139 6
18 0
87 0
70 0
7 0
55 0
13 0
24 6
33 0
23 0
7 0
18 0
4 0
100 0
132 1
81 0
3 5
78 0
70 0
26 0
110 0
23 0
71 4
29 0
29 0
31 0
28 0
12 6
70 5
43 0
58 0
12 0
118 0
63 0
80 4
121 0
70 0
125 0
72 0
59 3
132 0
82 0
24 0
62 4
38 0
133 0
121 0
108 0
108 2
97 0
4 0
71 1
122 0
95 7
64 0
126 3
79 0
108 0
58 0
19 0
51 5
17 0
103 0
101 0
31 0
112 0
23 7
22 0
29 0
64 0
130 0
137 0
38 0
88 0
13 1
37 0
135 4
108 0
60 0
113 0
107 0
55 4
20 6
83 0
48 0
115 0
25 0
64 0
115 0
119 0
44 4
11 0
82 0
39 0
20 0
41 7
18 0
82 0
47 0
20 0
79 0
98 0
108 0
59 6
95 7
69 7
3 0
105 0
130 0
48 0
128 0
77 0
66 0
132 5
58 0
58 0
130 0
73 0
59 0
19 0
51 5
17 0
103 0
101 0
31 0
112 0
23 7
22 0
29 0
64 0
130 0
137 0
38 0
88 0
13 1
37 0
135 4
108 0
60 0
113 0
107 0
69 0
97 3
39 0
71 0
58 6
109 0
129 0
36 0
109 0
119 0
105 0
12 6
70 5
43 0
58 0
30 0
121 0
63 0
80 4
121 0
70 0
125 0
52 0
139 1
9 0
62 4
38 0
133 0
121 0
108 0
108 2
97 0
4 0
71 1
122 0
95 7
23 7
22 0
29 0
64 0
130 0
137 0
38 0
88 0
126 3
79 0
108 0
58 0
19 0
51 5
17 0
103 0
101 0
31 0
112 0
23 7
22 0
29 0
64 0
130 0
137 0
38 0
88 0
23 7
37 0
29 0
64 0
130 0
137 0
38 0
88 0
135 4
108 0
60 0
113 0
107 0
55 4
87 1
83 0
119 0
44 4
11 0
17 0
39 0
135 0
41 7
18 0
82 0
47 0
20 0
79 0
98 0
108 0
132 7
5 4
4 2
45 2
93 0
87 0
60 1
49 0
5 2
28 1
121 0
49 4
79 0
17 0
20 0
19 0
35 0
35 5
112 0
126 7
69 0
38 0
15 0
109 0
69 0
7 0
33 0
108 6
115 0
59 0
9 0
110 0
121 0
37 0
47 7
86 0
75 0
54 0
116 0
56 0
85 0
11 0
8 4
44 0
133 0
16 0
30 0
5 3
77 6
86 5
99 0
132 0
129 0
110 0
1 0
49 3
66 0
42 0
40 0
113 1
139 0
61 0
69 0
23 3
28 0
39 0
119 0
7 4
41 6
137 0
22 0
54 0
130 0
50 0
84 0
21 1
32 0
82 2
97 0
61 0
45 4
111 0
50 0
98 0
110 0
67 0
65 1
45 1
99 6
89 0
88 0
10 0
7 0
128 0
129 0
127 0
117 3
37 2
91 0
127 4
30 0
48 0
62 0
116 0
33 4
29 7
119 0
66 0
121 0
9 0
84 0
121 0
109 0
65 6
57 0
114 0
67 0
86 0
86 0
55 0
78 6
21 0
104 0
122 0
100 0
117 0
67 0
27 5
2 0
128 0
86 0
33 0
2 0
111 5
17 3
41 0
85 0
117 0
105 7
90 0
3 0
100 0
36 0
37 0
52 0
121 0
0 7
99 0
102 0
52 0
87 0
23 0
60 0
105 0
115 2
116 0
98 0
43 1
8 0
59 6
95 7
124 3
132 0
59 0
135 0
116 3
82 0
17 0
99 0
19 0
51 5
17 0
103 0
101 0
31 0
112 0
23 7
22 0
29 0
64 0
130 0
137 0
38 0
88 0
13 1
37 0
135 4
108 0
60 0
113 0
107 0
20 3
90 0
121 1
102 0
49 4
11 0
63 0
125 0
67 0
25 7
80 0
26 2
118 0
11 0
139 6
18 0
87 0
96 0
7 0
55 0
13 0
24 6
33 0
23 0
7 0
18 0
4 0
100 0
132 1
81 0
3 5
78 0
70 0
26 0
110 0
23 0
71 4
29 0
29 0
31 0
28 0
12 6
70 5
43 0
58 0
30 0
121 0
63 0
113 1
121 0
139 1
9 0
62 4
38 0
133 0
121 0
108 0
108 2
97 0
4 0
54 0
95 7
64 0
126 3
79 0
108 0
58 0
19 0
51 5
17 0
103 0
101 0
31 0
112 0
23 7
22 0
29 0
64 0
130 0
137 0
38 0
88 0
13 1
37 0
135 4
108 0
60 0
113 0
107 0
55 4
87 1
83 0
119 0
44 4
11 0
17 0
39 0
135 0
41 7
18 0
82 0
47 0
20 0
79 0
98 0
108 0
59 6
95 7
69 7
3 0
105 0
69 0
48 0
128 0
77 0
66 0
132 5
58 0
22 0
130 0
73 0
59 0
19 0
51 5
17 0
103 0
101 0
31 0
112 0
23 7
22 0
29 0
64 0
130 0
137 0
38 0
88 0
13 1
37 0
135 4
108 0
60 0
113 0
107 0
69 0
97 3
39 0
71 0
58 6
109 0
129 0
36 0
109 0
119 0
105 0
12 6
70 5
43 0
58 0
30 0
121 0
63 0
80 4
121 0
70 0
125 0
52 0
139 1
9 0
62 4
38 0
133 0
121 0
108 0
108 2
97 0
4 0
71 1
122 0
95 7
64 0
126 3
79 0
108 0
58 0
19 0
51 5
17 0
103 0
101 0
31 0
112 0
23 7
22 0
29 0
64 0
130 0
137 0
38 0
88 0
13 1
37 0
135 4
108 0
60 0
113 0
107 0
55 4
87 1
83 0
119 0
44 4
11 0
17 0
39 0
135 0
41 7
18 0
82 0
47 0
20 0
79 0
98 0
108 0
124 2
5 4
4 2
20 5
93 0
87 0
53 0
40 0
84 0
126 5
120 0
52 0
39 0
3 0
82 0
83 0
35 0
35 5
112 0
126 7
89 0
38 0
15 0
109 0
69 0
7 0
33 0
108 6
115 0
59 0
9 0
110 0
121 0
37 0
47 7
86 0
75 0
113 0
38 0
56 0
85 0
11 0
8 4
44 0
133 0
16 0
30 0
64 5
77 6
117 6
99 0
132 0
129 0
110 0
95 0
13 0
49 3
66 0
127 0
40 0
113 1
115 0
81 4
33 0
29 0
87 0
79 0
69 0
23 3
28 0
39 0
119 0
77 6
41 6
137 0
90 0
54 0
130 0
50 0
84 0
21 1
83 0
113 1
115 0
81 4
33 0
29 0
87 0
79 0
69 0
23 3
28 0
39 0
119 0
113 1
139 4
25 0
119 0
137 0
126 0
36 3
114 5
130 0
107 0
46 0
100 0
62 0
107 3
128 0
10 0
4 0
113 3
15 0
34 0
123 0
2 7
80 5
117 0
109 0
48 0
105 0
134 0
33 3
66 0
35 0
109 0
22 6
9 0
58 0
133 0
124 0
115 0
124 0
90 1
96 0
12 1
72 0
12 3
88 0
138 0
62 0
103 4
46 0
117 0
68 0
83 0
19 0
