14 6
69 4
111 5
56 1
39 6
20 0
22 0
9 0
134 0
54 0
133 0
104 6
106 3
86 0
14 0
92 0
0 1
132 0
119 0
24 6
73 0
86 0
113 0
40 0
99 0
50 0
99 0
62 0
64 1
51 0
59 7
6 3
77 0
35 0
7 0
96 0
91 1
62 0
83 1
86 0
13 3
44 0
138 0
31 0
3 1
131 0
15 7
11 0
79 0
64 0
96 0
131 0
135 0
19 0
25 2
108 4
118 0
66 0
46 0
96 0
34 3
103 0
39 0
10 0
58 7
65 0
135 6
78 1
3 0
117 5
39 0
45 0
127 0
17 0
37 0
78 1
53 0
91 2
25 0
131 0
56 2
115 0
67 0
44 0
53 6
28 4
26 0
39 0
120 0
125 0
90 4
91 0
81 0
59 0
35 0
49 4
76 0
86 0
55 0
70 0
28 5
104 0
124 0
55 0
105 0
131 0
44 4
26 0
6 0
50 0
79 0
2 5
61 0
67 0
31 0
137 0
62 0
103 6
88 5
17 0
108 0
48 0
7 0
89 0
10 2
41 0
23 0
120 7
46 0
28 0
4 0
22 0
119 0
78 0
123 0
59 3
18 0
74 0
77 0
27 0
129 0
131 6
81 3
28 0
106 0
86 0
59 0
24 1
113 0
104 5
24 0
14 0
27 0
65 0
69 0
30 6
0 0
91 0
87 0
77 0
37 0
2 0
23 0
28 0
48 2
92 3
28 0
120 0
76 0
43 6
54 0
45 0
96 0
104 0
135 0
31 0
64 7
76 0
76 6
85 2
77 0
35 0
13 6
70 0
10 0
56 0
108 0
93 0
130 0
127 2
119 0
131 0
40 5
45 0
97 0
66 0
17 0
14 0
53 7
116 0
20 0
98 0
10 0
4 0
1 0
54 0
109 5
23 0
125 0
108 0
105 0
111 0
71 6
24 3
129 0
52 0
110 0
41 0
15 6
129 0
61 0
74 0
11 0
90 0
81 0
39 4
135 0
11 0
90 0
133 0
81 2
118 0
8 0
42 6
49 0
10 0
45 0
80 0
47 0
44 0
72 0
25 7
42 0
4 1
17 0
39 2
69 0
127 0
33 6
59 0
51 0
77 0
69 0
52 0
139 0
75 4
96 0
138 0
34 0
114 0
126 1
121 0
84 4
0 0
109 0
91 0
55 0
58 2
12 2
139 0
7 0
80 5
40 0
22 0
124 0
10 0
99 0
112 1
23 4
52 0
115 0
81 0
103 0
34 7
108 2
62 4
124 0
67 0
96 0
44 0
135 7
64 0
116 0
134 0
6 0
56 0
46 0
121 0
38 0
44 4
11 1
39 0
4 0
101 6
106 0
21 0
23 0
2 0
114 0
34 0
78 1
119 0
34 3
64 0
70 2
86 0
66 0
131 1
17 0
18 5
134 6
66 0
29 0
46 0
2 0
60 0
105 0
120 1
138 0
123 7
45 0
2 0
18 0
82 0
134 0
64 0
89 0
58 4
32 0
84 0
79 0
98 0
76 4
128 0
106 0
77 0
134 0
8 7
23 5
95 0
32 0
32 0
10 0
111 0
133 7
133 0
8 0
5 0
29 0
2 0
70 0
131 0
72 2
23 0
28 0
1 5
116 0
133 0
133 0
83 0
82 0
127 7
98 0
22 0
18 0
128 0
129 0
50 0
138 0
37 0
4 1
40 0
3 0
55 6
113 3
18 2
23 2
76 0
39 0
23 2
76 0
39 0
31 1
96 1
98 0
133 0
11 6
18 2
23 2
117 0
39 0
23 2
76 0
39 0
78 0
23 3
109 6
92 0
98 0
3 0
77 0
48 0
86 0
40 3
91 0
107 0
59 0
31 6
18 0
20 0
55 0
74 0
29 0
113 0
11 0
131 6
81 3
28 0
7 0
86 0
85 1
73 0
24 1
113 0
104 5
24 0
14 0
27 0
65 0
69 0
30 6
0 0
91 0
87 0
77 0
37 0
2 0
23 0
22 2
42 7
121 0
71 0
82 0
79 0
16 0
115 0
12 0
40 0
11 6
18 2
23 2
117 0
39 0
131 0
31 1
23 2
76 0
39 0
23 3
7 0
40 3
71 0
15 0
92 0
31 6
18 0
20 0
86 0
70 0
29 0
113 0
24 3
130 2
137 0
117 0
110 2
129 0
119 0
113 2
33 0
132 0
24 1
81 3
28 0
106 0
86 0
22 2
42 7
121 0
71 0
82 0
79 0
16 0
115 0
12 0
40 0
135 2
18 2
23 2
124 0
67 0
23 2
76 0
39 0
38 0
118 2
21 7
78 3
75 0
61 0
52 0
117 1
121 0
132 0
19 0
111 1
80 0
53 1
45 0
82 1
129 0
45 3
69 2
41 0
90 0
90 5
50 0
1 0
71 0
122 0
118 0
80 0
77 5
76 7
103 6
100 0
15 0
99 0
129 0
50 0
55 0
67 2
31 0
137 0
13 6
16 0
38 0
125 0
106 0
119 0
111 0
138 1
139 0
93 1
107 0
65 0
102 3
40 0
5 0
120 0
104 0
118 0
36 7
10 7
131 0
5 0
59 0
47 0
43 0
65 0
46 0
120 3
124 0
86 0
10 0
119 2
25 0
90 0
1 4
5 0
80 0
34 0
36 0
77 6
92 0
67 0
62 0
1 0
102 0
84 0
136 1
89 0
68 4
4 0
133 0
71 0
124 0
40 7
83 3
58 0
129 0
76 0
8 2
24 0
13 0
83 2
61 0
32 0
68 2
112 0
3 0
27 2
87 0
23 0
52 5
103 0
76 0
53 0
97 0
19 0
38 5
87 0
133 0
60 0
5 0
122 0
25 3
7 2
77 6
23 2
76 0
39 0
23 2
76 0
39 0
21 2
117 0
71 0
94 5
23 0
109 0
72 0
8 0
118 0
113 2
54 0
118 0
67 3
91 0
109 0
58 0
44 0
11 6
13 2
23 2
117 0
23 0
113 5
120 0
102 0
30 0
80 0
128 0
67 4
62 1
110 0
109 0
78 1
101 0
122 4
22 0
101 0
138 0
33 0
23 3
7 0
40 3
71 0
81 0
59 0
49 4
18 0
20 0
55 0
70 0
103 6
130 2
137 0
108 0
110 2
129 0
119 0
120 7
46 0
132 0
4 0
22 0
119 0
78 0
123 0
113 6
18 0
74 0
77 0
51 0
129 0
29 0
27 0
129 0
105 2
117 0
59 0
22 2
42 7
121 0
71 0
82 0
79 0
16 0
115 0
12 0
40 0
132 6
76 2
23 2
76 0
39 0
99 2
58 0
15 0
76 6
23 2
76 0
112 0
13 6
27 0
10 0
35 0
108 0
93 0
130 0
127 2
119 0
131 0
40 5
45 0
97 0
66 0
17 0
14 0
53 7
116 0
112 0
97 0
10 0
4 0
1 0
54 0
109 5
23 0
125 0
108 0
105 0
111 0
71 6
24 1
9 0
90 4
71 0
15 0
92 0
35 0
31 6
88 0
20 0
86 0
70 0
29 0
113 0
43 4
107 0
101 0
32 0
133 0
81 2
118 0
8 0
42 6
49 0
10 0
45 0
80 0
47 0
44 0
72 0
25 6
42 0
4 1
17 0
39 2
41 0
127 0
33 6
106 0
51 0
77 0
69 0
52 0
139 0
75 4
96 0
138 0
34 0
114 0
126 1
121 0
58 2
12 2
18 0
7 0
80 5
40 0
22 0
124 0
10 0
99 0
69 4
116 7
56 1
59 4
55 0
98 0
43 0
30 0
44 0
73 5
23 5
20 0
37 0
98 0
109 0
89 0
79 5
23 0
93 0
19 0
116 0
97 0
27 1
105 0
48 2
26 0
9 0
39 2
101 0
9 0
135 3
61 1
45 0
53 7
60 0
138 0
0 0
15 0
38 0
126 0
63 0
80 2
17 0
44 0
136 6
43 3
22 0
123 0
59 0
58 1
69 0
62 1
97 0
57 4
31 0
114 0
26 0
96 0
113 6
10 0
125 0
114 0
61 0
124 0
37 0
13 2
55 0
57 0
119 5
100 2
43 0
95 0
117 1
56 0
46 4
110 0
16 0
93 0
50 0
47 0
77 3
65 0
35 0
37 0
63 5
98 3
47 0
111 0
29 0
114 0
8 7
12 0
67 0
38 0
108 0
44 0
11 0
24 0
103 7
6 0
119 0
13 0
57 0
38 0
105 0
6 0
53 6
41 0
102 0
105 0
63 0
73 0
12 0
58 7
66 4
23 2
108 0
23 0
113 5
120 0
102 0
12 0
80 0
110 0
2 0
70 1
34 0
67 4
78 1
110 0
109 0
78 1
101 0
122 4
22 0
101 0
138 0
33 0
38 4
7 0
90 4
71 0
15 0
92 0
35 0
31 6
18 0
20 0
86 0
70 0
29 0
113 0
43 4
132 0
101 0
32 0
74 0
103 6
88 5
17 0
108 0
48 0
7 0
89 0
10 2
41 0
23 0
120 7
46 0
28 0
4 0
22 0
119 0
78 0
123 0
59 3
18 0
74 0
77 0
27 0
129 0
105 2
117 0
59 0
28 0
48 2
92 3
28 0
120 0
76 0
43 6
54 0
45 0
96 0
104 0
135 0
31 0
64 7
76 0
76 6
86 4
48 0
112 0
72 0
7 0
13 6
70 0
10 0
56 0
108 0
93 0
130 0
127 2
119 0
131 0
40 5
45 0
97 0
66 0
17 0
14 0
53 7
116 0
20 0
98 0
10 0
4 0
1 0
54 0
109 5
23 0
125 0
108 0
105 0
111 0
71 6
24 3
129 0
52 0
110 0
41 0
15 6
18 0
61 0
74 0
3 0
90 0
81 0
39 4
135 0
11 0
90 0
133 0
81 2
118 0
8 0
42 6
49 0
10 0
45 0
80 0
47 0
44 0
72 0
25 7
42 0
4 1
17 0
39 2
69 0
127 0
33 6
59 0
51 0
77 0
69 0
52 0
139 0
75 4
96 0
138 0
34 0
114 0
126 1
121 0
84 4
0 0
109 0
91 0
55 0
58 2
12 2
139 0
7 0
80 5
40 0
22 0
124 0
10 0
99 0
112 1
23 4
52 0
115 0
81 0
103 0
34 7
25 6
62 4
120 0
8 0
29 0
53 0
39 3
6 0
58 0
134 0
79 0
108 6
129 0
95 0
132 0
96 0
100 0
53 0
92 2
137 0
61 0
14 4
95 0
50 0
89 0
1 0
112 5
58 0
94 4
43 0
125 0
2 0
101 0
24 5
1 0
5 0
104 0
130 0
112 0
96 2
11 0
9 0
63 6
10 0
124 0
105 0
82 0
91 0
27 0
44 4
11 1
35 0
4 0
19 7
106 0
21 0
23 0
2 0
114 0
34 0
7 0
78 1
119 0
34 3
64 0
70 2
86 0
66 0
131 1
17 0
18 5
134 6
66 0
29 0
46 0
2 0
60 0
105 0
120 1
138 0
123 7
45 0
2 0
18 0
82 0
134 0
64 0
89 0
58 4
32 0
84 0
79 0
98 0
76 4
128 0
106 0
77 0
134 0
8 7
23 6
95 0
32 0
32 0
10 0
48 0
30 0
133 7
75 0
8 0
5 0
29 0
2 0
2 0
70 0
72 2
23 0
28 0
1 5
116 0
133 0
133 0
83 0
82 0
127 7
98 0
22 0
18 0
128 0
129 0
50 0
138 0
37 0
4 1
40 0
12 2
69 6
124 0
72 0
98 0
47 0
95 0
126 0
60 5
103 0
66 0
106 0
58 0
8 0
88 7
0 3
90 3
59 5
55 0
98 0
43 0
138 0
92 0
95 6
39 0
129 0
108 0
98 0
108 0
95 0
28 5
54 0
28 0
126 0
52 0
91 0
54 1
56 5
18 0
69 0
119 0
29 0
16 0
119 7
23 5
69 0
37 0
98 0
109 0
89 0
105 1
17 0
71 4
10 0
71 0
91 0
21 0
75 6
11 0
41 0
125 0
122 0
106 0
29 0
48 3
87 0
28 0
125 0
106 6
112 0
116 0
46 0
97 0
23 0
115 0
126 1
72 0
85 6
116 6
72 5
131 0
26 0
139 0
19 0
71 0
36 7
8 0
37 0
50 0
18 0
93 0
2 0
26 0
85 5
14 0
56 0
111 0
52 0
20 0
24 4
71 0
81 0
42 0
75 0
32 5
79 0
24 0
45 0
55 0
78 0
69 4
56 0
54 0
129 0
118 0
73 7
120 3
6 0
24 0
113 0
74 3
24 0
99 0
76 0
96 4
130 0
31 0
31 0
137 0
110 3
42 0
37 0
46 0
74 2
127 0
27 0
46 6
16 0
36 0
115 0
111 0
16 0
86 0
129 0
77 7
5 1
29 0
112 0
85 5
47 0
28 0
105 0
38 0
104 0
112 5
16 0
139 0
41 0
58 0
28 0
128 3
61 0
37 0
29 0
134 7
97 0
64 0
93 0
131 0
1 0
88 0
8 0
71 5
133 0
50 0
74 0
34 0
109 0
71 5
11 7
3 0
4 0
139 0
75 0
89 0
58 0
43 0
124 6
108 0
95 0
40 0
63 0
98 0
35 0
13 5
73 0
71 0
109 0
46 0
117 0
125 5
12 0
14 0
85 0
1 0
100 0
109 2
116 0
122 0
105 4
71 3
94 0
67 0
37 0
92 2
89 0
138 0
58 7
31 0
116 0
12 0
29 0
34 0
24 0
84 0
79 7
45 0
100 0
45 0
33 0
94 0
98 0
84 0
102 2
77 3
22 0
80 0
116 0
134 1
9 0
57 0
103 0
61 6
58 0
92 4
66 6
85 0
114 0
37 0
44 0
2 0
23 0
10 1
69 0
108 7
38 0
43 0
138 0
24 0
132 0
82 0
27 0
76 7
67 0
40 0
20 0
128 0
102 0
78 0
73 0
54 2
139 0
91 2
34 0
135 0
128 5
18 5
126 0
138 0
128 0
24 0
129 0
138 4
134 0
81 0
87 0
70 0
80 3
122 0
100 0
27 0
85 3
112 0
11 0
57 0
112 0
9 6
42 4
86 0
111 0
46 0
52 0
97 0
52 1
46 0
63 5
40 0
4 0
12 0
110 0
96 0
39 1
57 0
79 6
120 0
51 0
61 0
37 0
23 0
81 0
58 1
135 7
80 0
106 0
5 0
4 0
63 0
50 0
68 0
68 0
131 1
8 3
134 6
104 0
45 0
83 0
33 0
124 0
5 0
13 0
67 6
71 0
8 0
133 0
65 0
4 0
80 0
88 7
0 3
44 6
89 6
115 0
81 0
120 0
123 0
88 0
102 0
95 6
18 0
69 0
85 0
98 0
108 0
95 0
75 2
40 0
2 0
133 5
30 0
99 0
40 0
29 0
92 0
53 3
14 0
128 0
89 0
94 6
28 0
0 0
93 0
3 0
135 0
119 0
54 1
46 4
48 0
38 0
69 0
60 0
119 7
29 4
60 0
17 0
134 0
21 0
136 0
71 4
10 0
100 0
33 0
21 0
75 6
11 0
41 0
125 0
122 0
106 0
29 0
48 3
87 0
28 0
125 0
106 6
112 0
116 0
46 0
97 0
23 0
115 0
126 1
72 0
3 0
37 5
29 2
90 6
107 0
80 0
52 0
120 0
111 0
112 0
110 5
105 0
39 0
39 0
45 0
99 0
104 1
103 5
3 0
55 0
62 0
45 0
32 0
51 6
79 5
102 0
128 0
27 0
4 0
62 0
117 6
29 0
69 0
38 0
21 0
53 0
23 0
131 6
128 0
68 0
41 0
45 0
28 0
5 0
74 5
1 0
78 0
120 0
45 0
129 0
74 1
59 0
49 5
98 0
53 0
48 0
87 0
39 0
89 1
89 3
70 0
112 0
126 0
72 4
55 2
30 0
95 0
102 2
7 0
49 0
28 0
42 5
50 0
44 0
95 0
47 0
115 0
103 0
61 6
58 0
92 4
66 6
85 0
114 0
37 0
44 0
2 0
23 0
10 1
69 0
108 7
38 0
131 0
138 0
24 0
132 0
82 0
27 0
76 7
67 0
40 0
20 0
128 0
102 0
78 0
73 0
54 2
139 0
91 2
34 0
135 0
128 5
18 5
126 0
138 0
128 0
24 0
129 0
138 4
134 0
81 0
87 0
70 0
80 3
122 0
100 0
27 0
85 3
112 0
11 0
57 0
112 0
9 6
42 4
86 0
111 0
46 0
52 0
97 0
52 1
46 0
63 5
40 0
11 0
12 0
110 0
96 0
39 1
57 0
79 6
120 0
51 0
61 0
37 0
23 0
81 0
58 1
135 7
80 0
106 0
5 0
4 0
63 0
50 0
68 0
1 7
43 0
110 6
34 0
91 7
109 0
22 0
113 0
127 0
128 0
47 0
58 0
89 5
93 0
47 0
24 0
114 0
66 0
43 4
33 0
100 0
120 0
129 0
88 1
108 0
131 2
90 0
105 0
32 6
1 4
24 0
35 0
69 0
23 0
24 0
81 5
65 0
34 0
44 0
101 0
20 0
110 1
116 0
4 1
109 0
133 2
102 0
114 0
69 0
64 8
133 3
48 0
89 0
3 0
96 6
26 0
132 0
6 0
119 0
117 0
72 0
14 5
33 0
34 0
131 0
50 0
23 0
135 4
4 0
1 0
106 0
118 0
115 3
4 0
39 0
94 0
72 6
15 0
21 0
33 0
111 0
51 0
71 0
72 6
51 0
80 0
129 0
77 0
113 0
71 0
103 5
51 0
80 0
129 0
77 0
113 0
35 7
104 5
18 0
112 0
137 0
22 0
113 0
115 5
100 0
23 0
80 0
11 0
117 0
12 6
132 0
45 0
87 0
115 0
96 0
31 0
78 5
82 0
30 0
15 0
31 0
3 0
62 6
120 0
31 0
45 0
104 0
29 0
67 0
89 0
68 5
39 0
20 0
72 0
17 0
44 0
114 1
89 6
137 0
57 0
105 0
87 0
71 0
59 0
131 1
8 3
134 6
104 0
45 0
83 0
33 0
124 0
5 0
13 0
67 6
71 0
8 0
133 0
65 0
4 0
80 0
