25 4
24 8
124 6
63 7
25 6
99 0
48 0
82 0
93 0
42 0
129 0
26 2
40 0
139 0
51 5
125 0
122 0
100 0
130 0
133 0
33 5
110 0
96 0
73 0
19 0
131 0
131 5
37 0
49 0
80 0
23 0
86 0
91 6
50 0
34 0
99 0
104 0
35 0
96 0
37 7
29 0
10 0
102 0
72 0
110 0
27 0
90 0
38 7
19 0
124 5
128 0
40 0
22 0
21 0
6 0
45 3
20 0
91 0
20 0
94 1
93 0
3 1
128 0
90 1
78 0
12 7
37 0
116 0
114 0
49 0
50 0
62 0
80 0
139 5
45 0
114 1
11 0
16 7
57 0
118 0
124 0
45 0
80 0
67 0
63 0
39 0
108 4
80 0
82 0
65 0
64 0
55 5
63 0
14 3
63 0
8 0
71 0
119 4
107 0
139 0
2 0
59 0
74 2
30 0
65 0
116 4
52 0
33 0
44 0
81 0
84 0
49 4
100 7
13 0
23 0
58 0
18 0
88 0
83 0
45 0
11 6
4 0
82 0
137 0
92 0
50 0
137 0
94 1
123 0
11 6
87 0
63 0
21 0
3 0
5 0
88 0
23 6
48 7
46 0
92 4
83 0
137 0
45 0
113 0
1 5
118 0
94 0
7 0
96 0
60 0
129 7
83 0
99 0
38 0
19 0
114 0
41 0
36 0
62 0
102 7
71 0
32 0
45 0
103 0
14 0
88 0
95 0
116 3
98 0
78 0
8 0
48 7
120 1
118 0
75 3
11 0
6 0
3 0
1 5
118 0
94 0
7 0
96 0
60 0
129 7
93 0
99 0
38 0
19 0
24 0
41 0
103 0
62 0
102 7
71 0
32 0
12 0
103 0
33 0
137 0
95 0
116 3
98 0
78 0
8 0
42 2
105 4
12 0
113 0
0 0
61 0
88 3
68 0
135 0
126 0
68 2
40 5
58 0
103 0
94 0
53 0
79 0
107 7
79 0
9 0
46 0
64 0
82 0
86 0
134 0
65 4
40 1
135 0
134 4
95 0
18 0
98 0
32 0
136 1
26 0
18 1
38 0
111 1
74 0
51 3
133 2
90 0
92 4
83 0
78 0
54 0
123 0
33 2
43 5
92 0
60 0
26 0
7 0
70 0
66 2
64 0
6 0
4 2
75 1
9 0
88 1
12 0
125 5
36 1
111 2
44 0
89 0
1 7
15 3
21 0
23 0
56 0
104 0
124 4
87 0
93 0
10 0
75 0
109 6
137 0
116 0
64 0
29 0
41 0
19 0
53 4
42 0
49 0
54 0
39 0
106 3
96 0
70 0
116 0
5 1
40 0
138 2
45 5
111 0
50 0
81 0
41 0
68 0
39 1
21 0
107 1
86 2
26 0
130 0
70 7
136 7
78 0
1 0
18 0
91 0
18 0
126 0
86 0
3 3
75 0
8 0
108 0
77 7
125 0
111 0
81 0
85 0
90 0
30 0
42 0
28 2
78 0
120 0
46 7
120 0
120 0
111 0
119 0
17 0
116 0
108 0
15 0
38 2
52 0
57 0
11 6
139 0
117 0
127 2
84 1
32 0
110 6
80 0
50 0
75 0
29 0
21 0
18 0
32 0
63 0
91 3
105 1
108 0
75 4
67 0
119 0
44 0
32 0
101 2
81 0
125 0
69 3
99 7
88 6
47 0
130 0
68 0
65 0
105 0
37 0
59 7
126 0
76 0
20 0
23 0
5 0
104 0
96 0
86 5
88 0
84 0
65 0
85 0
128 0
81 4
129 0
22 0
115 0
100 0
74 3
6 0
121 0
65 0
86 2
31 0
124 0
117 6
110 0
54 0
131 0
133 0
71 0
107 0
102 5
9 6
114 0
86 0
135 0
20 0
40 0
15 0
103 2
130 0
75 0
8 5
82 0
129 0
131 0
40 0
48 0
34 4
37 0
4 0
135 0
103 0
135 0
34 3
114 4
124 0
24 0
38 0
82 0
31 4
122 0
58 0
116 0
69 0
48 3
77 0
114 0
5 0
79 5
46 7
23 6
48 0
48 0
89 0
89 0
35 0
90 0
46 2
64 0
110 0
6 1
8 0
88 0
21 7
63 0
9 0
12 0
123 0
72 0
101 0
109 0
90 0
98 4
51 0
121 0
90 0
100 0
33 0
124 4
2 6
90 0
78 0
13 0
108 0
51 0
21 0
56 0
54 3
3 0
75 0
23 0
126 0
125 4
110 5
66 0
118 0
89 0
60 0
80 0
61 5
132 0
45 0
33 0
134 0
87 0
135 5
100 0
103 0
8 0
134 0
31 0
76 0
43 7
124 6
78 0
4 0
51 0
46 0
114 0
101 0
112 4
62 0
32 0
44 0
123 0
137 5
40 0
30 0
43 0
127 0
37 0
0 0
0 5
94 0
32 0
85 0
2 0
75 0
25 2
13 0
115 0
2 5
21 0
128 0
38 0
133 0
92 0
79 5
46 7
23 6
48 0
39 0
89 0
12 0
35 0
90 0
46 2
64 0
110 0
6 1
8 0
88 0
21 7
63 0
9 0
12 0
123 0
72 0
101 0
109 0
90 0
98 4
51 0
121 0
90 0
100 0
33 0
124 4
2 6
90 0
78 0
13 0
108 0
51 0
21 0
56 0
54 3
3 0
75 0
23 0
126 0
125 4
110 5
66 0
118 0
89 0
60 0
80 0
61 5
132 0
45 0
33 0
134 0
87 0
135 5
100 0
103 0
8 0
134 0
31 0
76 0
43 7
124 6
78 0
4 0
51 0
46 0
114 0
101 0
112 4
62 0
32 0
44 0
123 0
137 5
40 0
30 0
43 0
127 0
37 0
0 0
0 5
94 0
32 0
85 0
2 0
75 0
25 2
13 0
115 0
2 5
21 0
128 0
38 0
133 0
92 0
24 8
32 6
24 1
9 7
92 0
40 0
43 0
32 0
122 0
54 0
137 0
47 3
8 6
108 0
74 0
91 0
4 0
44 0
95 0
72 1
92 0
119 5
130 0
6 0
88 0
62 0
76 0
20 1
25 7
111 0
103 0
74 0
98 0
95 0
102 0
116 0
63 1
112 3
138 0
102 0
77 0
121 6
4 5
123 0
105 0
37 0
133 0
103 0
4 3
49 0
82 0
95 0
136 7
20 0
66 0
12 0
26 0
139 0
122 0
96 0
84 0
126 1
16 0
75 0
23 6
22 4
131 0
41 0
25 0
125 0
25 7
116 0
33 0
77 0
88 0
109 0
78 0
92 0
94 5
68 0
107 0
127 0
45 0
4 0
7 3
79 0
120 0
67 0
62 3
29 0
139 0
74 0
5 2
132 0
39 0
43 2
81 4
95 0
96 8
83 0
51 0
3 0
96 0
94 0
30 0
83 0
37 0
56 6
132 0
39 0
14 0
59 0
59 0
21 0
89 6
13 0
106 0
105 0
5 0
6 0
95 0
42 2
114 3
0 0
53 0
76 0
38 5
139 0
72 0
44 0
10 0
59 0
30 3
127 0
112 6
43 5
3 0
60 0
58 0
7 0
94 0
113 1
64 0
139 6
80 0
35 0
36 0
34 0
123 0
91 0
119 6
18 0
38 0
89 0
53 0
20 0
26 0
88 3
18 0
79 0
118 0
77 4
2 0
73 0
67 0
41 0
81 5
27 2
58 0
71 0
88 1
12 0
120 7
52 0
94 0
109 0
40 0
43 0
4 0
7 0
95 7
123 0
7 0
45 0
79 0
59 0
105 0
132 0
60 5
33 0
76 0
31 0
22 0
4 0
125 5
0 3
45 7
14 0
89 0
131 0
27 0
92 0
13 0
69 0
65 2
73 0
125 0
53 3
58 0
128 0
99 0
124 5
15 3
21 0
23 0
56 0
104 0
5 7
113 0
93 0
10 0
75 0
96 0
49 0
72 0
109 6
42 0
116 0
64 0
123 0
41 0
19 0
53 4
42 0
49 0
54 0
39 0
138 2
45 5
113 0
50 0
81 0
41 0
68 0
77 7
21 0
99 0
102 0
129 0
8 0
34 0
98 0
107 1
74 7
26 0
115 0
6 0
11 0
102 0
90 0
6 0
70 6
136 7
58 0
1 0
18 0
91 0
18 0
126 0
86 0
3 3
75 0
8 0
15 0
77 7
125 0
111 0
81 0
85 0
90 0
30 0
42 0
28 2
78 0
120 0
46 7
120 0
120 0
111 0
119 0
17 0
116 0
108 0
15 0
28 5
91 4
75 7
16 0
74 0
109 0
114 0
26 0
124 0
80 0
52 7
89 0
16 0
96 0
27 0
104 0
89 0
90 0
58 5
42 0
94 0
99 0
41 0
19 0
48 2
73 0
106 0
14 5
89 1
37 0
36 2
11 0
62 0
76 3
126 0
119 0
24 0
3 7
51 0
107 0
37 0
1 0
133 0
19 0
56 0
87 1
34 0
120 6
84 1
32 0
110 6
133 0
75 0
135 0
29 0
21 0
18 0
103 1
121 0
90 5
5 0
105 0
24 0
68 0
72 0
73 1
65 0
119 2
24 0
125 0
32 0
63 0
69 3
99 7
88 6
47 0
130 0
68 0
65 0
105 0
37 0
59 7
126 0
76 0
20 0
23 0
5 0
104 0
96 0
86 5
88 0
84 0
65 0
85 0
128 0
81 4
129 0
22 0
115 0
100 0
74 3
6 0
121 0
65 0
86 2
31 0
124 0
117 6
110 0
54 0
131 0
133 0
71 0
107 0
102 5
9 6
114 0
86 0
135 0
114 0
40 0
15 0
103 2
130 0
75 0
76 3
82 0
129 0
131 0
99 4
37 0
4 0
135 0
103 0
135 0
34 3
114 4
124 0
24 0
38 0
82 0
31 4
122 0
58 0
116 0
69 0
48 3
77 0
114 0
5 0
79 5
46 7
23 6
48 0
39 0
89 0
12 0
35 0
90 0
46 2
64 0
110 0
6 1
8 0
88 0
21 7
63 0
9 0
65 0
123 0
72 0
101 0
109 0
90 0
98 4
51 0
121 0
90 0
100 0
33 0
124 4
2 6
90 0
78 0
13 0
108 0
51 0
21 0
56 0
54 3
3 0
75 0
23 0
126 0
125 4
110 5
66 0
118 0
89 0
60 0
80 0
61 5
132 0
45 0
33 0
134 0
87 0
135 5
100 0
103 0
8 0
134 0
31 0
76 0
43 7
124 6
78 0
4 0
51 0
46 0
114 0
101 0
112 4
62 0
32 0
44 0
123 0
137 5
40 0
30 0
43 0
127 0
37 0
0 0
0 5
94 0
32 0
85 0
2 0
75 0
25 2
13 0
115 0
2 5
21 0
128 0
38 0
133 0
92 0
79 5
46 7
23 6
48 0
48 0
89 0
12 0
35 0
90 0
46 2
64 0
110 0
55 1
8 0
88 0
21 7
63 0
9 0
12 0
123 0
72 0
101 0
109 0
90 0
98 4
46 0
121 0
90 0
100 0
46 7
23 7
48 0
48 0
39 0
89 0
12 0
35 0
90 0
46 2
64 0
110 0
6 1
8 0
88 0
21 7
63 0
9 0
12 0
123 0
72 0
101 0
109 0
90 0
98 4
51 0
121 0
90 0
100 0
124 4
2 6
90 0
78 0
13 0
108 0
51 0
21 0
56 0
54 3
3 0
75 0
23 0
126 0
125 4
110 5
66 0
118 0
89 0
60 0
80 0
61 5
132 0
45 0
33 0
134 0
87 0
135 5
100 0
103 0
8 0
134 0
31 0
76 0
43 7
124 6
78 0
4 0
51 0
46 0
114 0
101 0
112 4
62 0
32 0
44 0
123 0
135 5
40 0
30 0
43 0
127 0
37 0
0 0
0 5
94 0
32 0
85 0
2 0
2 0
25 2
13 0
115 0
2 5
21 0
128 0
38 0
133 0
92 0
24 8
134 3
57 6
135 6
116 0
55 0
14 0
119 0
94 0
16 0
111 4
20 0
40 0
51 0
107 0
107 3
118 0
4 0
17 0
20 1
22 0
71 5
111 0
4 0
136 0
104 0
100 0
31 2
29 0
100 0
93 5
13 1
56 0
72 4
117 0
111 0
15 0
116 0
75 1
16 0
130 5
65 0
118 0
123 0
2 0
106 0
59 5
126 0
101 0
114 0
83 0
43 0
70 6
25 3
122 0
13 0
28 0
50 4
13 0
112 0
122 0
119 0
96 0
44 1
24 0
99 4
90 0
96 0
128 0
14 0
61 7
15 0
3 0
28 0
97 0
50 0
53 0
96 0
118 2
84 2
78 4
64 0
83 0
12 0
100 0
138 3
65 0
134 0
136 0
91 7
91 5
133 0
120 0
113 0
70 0
65 0
133 5
119 0
37 0
139 0
100 0
87 0
45 6
19 0
137 0
88 0
67 0
77 0
88 0
112 6
33 0
47 0
72 0
50 0
34 0
27 0
116 2
45 0
125 0
63 5
49 0
134 0
114 0
27 0
118 0
22 1
13 0
52 1
1 4
20 4
116 0
107 0
67 0
138 0
67 3
103 0
110 0
76 0
97 5
11 0
45 0
34 0
135 0
48 0
67 3
6 0
63 0
13 0
125 5
0 3
45 7
14 0
89 0
131 0
27 0
42 0
13 0
69 0
65 2
73 0
125 0
53 3
58 0
128 0
99 0
57 5
15 3
21 0
23 0
56 0
113 1
42 0
5 7
113 0
93 0
10 0
75 0
96 0
49 0
72 0
109 6
137 0
116 0
64 0
123 0
41 0
19 0
53 4
42 0
49 0
54 0
39 0
138 2
45 5
113 0
50 0
81 0
41 0
68 0
77 7
21 0
99 0
102 0
129 0
8 0
34 0
98 0
107 1
74 7
26 0
115 0
6 0
11 0
102 0
90 0
6 0
70 7
136 7
78 0
1 0
18 0
91 0
18 0
126 0
86 0
3 3
75 0
8 0
15 0
77 7
125 0
111 0
81 0
85 0
90 0
30 0
42 0
28 2
78 0
120 0
46 7
120 0
120 0
111 0
119 0
17 0
116 0
108 0
15 0
38 2
52 0
57 0
28 5
91 4
123 7
16 0
74 0
109 0
114 0
26 0
130 0
3 0
52 7
61 0
16 0
96 0
114 0
104 0
89 0
90 0
58 5
42 0
94 0
120 0
41 0
65 0
48 2
73 0
106 0
14 5
89 1
37 0
36 2
11 0
62 0
76 3
126 0
119 0
24 0
3 7
51 0
107 0
37 0
1 0
133 0
34 0
56 0
87 1
34 0
120 6
84 1
32 0
110 6
133 0
75 0
135 0
29 0
21 0
18 0
103 1
121 0
90 5
5 0
105 0
24 0
68 0
72 0
73 1
65 0
119 2
24 0
125 0
32 0
63 0
69 3
99 7
88 6
47 0
130 0
68 0
65 0
105 0
37 0
59 7
126 0
76 0
20 0
23 0
5 0
104 0
96 0
86 5
88 0
84 0
65 0
85 0
128 0
81 4
129 0
22 0
115 0
100 0
74 3
6 0
121 0
65 0
86 2
31 0
124 0
117 6
110 0
54 0
131 0
133 0
71 0
107 0
102 5
9 6
114 0
86 0
135 0
114 0
40 0
15 0
103 2
130 0
75 0
8 5
82 0
129 0
131 0
40 0
48 0
34 4
37 0
4 0
135 0
103 0
135 0
34 3
114 4
124 0
24 0
38 0
82 0
31 4
122 0
58 0
116 0
69 0
48 3
77 0
114 0
5 0
79 5
31 4
23 6
48 0
39 0
89 0
12 0
35 0
90 0
46 2
64 0
110 0
6 1
8 0
88 0
33 0
124 4
2 6
90 0
24 0
13 0
108 0
51 0
21 0
56 0
54 3
3 0
75 0
23 0
126 0
125 4
110 5
66 0
118 0
89 0
60 0
80 0
61 5
132 0
45 0
33 0
134 0
87 0
135 5
100 0
103 0
8 0
134 0
31 0
76 0
43 7
124 6
78 0
4 0
51 0
46 0
114 0
101 0
112 4
62 0
32 0
44 0
123 0
137 5
40 0
30 0
43 0
127 0
37 0
0 0
0 5
94 0
32 0
85 0
2 0
75 0
25 2
13 0
115 0
2 5
21 0
128 0
38 0
133 0
92 0
79 5
46 7
23 6
48 0
39 0
89 0
12 0
35 0
90 0
46 2
64 0
110 0
6 1
8 0
88 0
21 7
63 0
9 0
12 0
123 0
72 0
101 0
109 0
90 0
98 4
51 0
121 0
90 0
100 0
46 7
23 6
48 0
39 0
89 0
12 0
35 0
90 0
46 2
64 0
110 0
6 1
8 0
88 0
21 7
63 0
9 0
12 0
123 0
72 0
101 0
109 0
90 0
98 4
51 0
121 0
90 0
100 0
124 4
2 6
90 0
78 0
13 0
108 0
51 0
21 0
56 0
54 3
3 0
75 0
23 0
126 0
125 4
110 5
66 0
118 0
89 0
60 0
80 0
61 5
132 0
45 0
33 0
134 0
87 0
135 5
100 0
103 0
8 0
134 0
31 0
76 0
43 7
124 6
78 0
118 0
51 0
46 0
114 0
101 0
112 4
62 0
32 0
44 0
123 0
137 5
40 0
30 0
43 0
127 0
31 0
0 0
0 5
94 0
32 0
85 0
2 0
2 0
25 2
13 0
115 0
2 5
21 0
128 0
38 0
133 0
92 0
82 7
6 5
96 6
22 0
42 2
95 0
15 0
19 6
53 0
91 0
72 0
93 0
53 0
40 0
94 4
7 0
136 0
135 0
82 0
102 1
8 0
111 4
97 0
106 0
51 0
37 0
49 6
41 1
88 0
27 6
44 0
124 0
24 0
116 0
132 0
125 0
33 3
38 0
0 0
43 0
110 6
85 0
90 0
21 0
84 0
95 0
54 0
115 4
82 0
101 0
24 0
3 0
63 2
98 0
77 0
122 0
7 4
68 4
70 0
107 0
67 0
68 0
78 2
62 0
69 0
121 2
109 0
137 0
50 1
77 0
19 4
61 5
3 0
94 0
35 0
38 0
12 0
93 3
123 0
37 0
130 0
44 3
84 0
117 0
82 0
44 3
84 0
117 0
82 0
27 6
68 2
109 7
134 0
105 0
125 0
113 0
63 0
53 0
103 0
48 1
95 0
19 0
88 4
63 7
13 0
66 0
65 0
60 0
20 0
84 0
47 0
63 4
98 0
129 0
95 0
137 0
56 6
6 0
38 0
97 0
79 0
110 0
33 0
93 0
87 5
128 5
67 0
123 0
7 0
107 0
120 0
132 3
34 0
23 0
79 0
15 0
98 4
134 0
129 0
135 0
121 0
14 5
46 0
75 0
93 0
131 0
122 0
16 7
69 2
51 0
82 0
108 6
101 0
88 0
26 0
94 0
119 0
60 0
61 2
88 0
101 0
41 4
95 0
30 0
27 0
88 0
44 0
135 7
66 0
138 0
114 0
82 0
43 0
43 0
96 0
112 2
77 0
18 0
111 1
44 1
16 0
29 5
86 1
100 3
97 0
68 0
29 0
124 4
74 0
23 5
22 0
39 0
39 0
105 0
94 0
95 5
78 0
105 0
138 0
98 0
76 0
35 5
26 0
51 0
130 0
25 0
10 0
82 2
9 4
77 0
59 0
32 0
60 0
23 5
22 0
39 0
39 0
105 0
94 0
125 4
25 4
11 0
35 0
121 0
107 0
102 4
1 0
57 0
61 0
80 0
34 4
48 0
122 0
107 0
61 0
8 3
63 0
45 0
53 0
2 3
62 2
132 0
113 0
29 0
88 1
94 0
117 7
7 4
8 2
111 0
65 0
118 7
139 0
102 0
86 0
105 0
46 0
93 0
38 0
68 1
111 0
61 3
63 0
88 0
38 0
124 4
118 0
23 5
22 0
33 0
39 0
105 0
94 0
95 5
78 0
105 0
138 0
96 0
76 0
52 2
40 0
19 0
124 4
9 4
77 0
39 0
130 0
94 0
23 5
22 0
33 0
86 0
105 0
94 0
95 5
92 0
105 0
138 0
110 0
76 0
35 5
26 0
51 0
130 0
25 0
34 0
133 5
51 6
11 0
35 0
20 0
62 0
79 0
61 0
28 4
2 0
57 0
38 0
80 0
79 4
48 0
122 0
14 0
61 0
62 7
107 0
62 0
24 0
109 0
60 0
5 0
30 0
53 2
81 0
87 0
2 3
62 2
132 0
113 0
70 2
98 0
71 0
88 1
94 0
66 5
82 4
52 0
15 0
76 0
86 0
87 5
68 0
67 0
58 0
89 0
110 0
26 2
23 0
136 0
67 5
34 0
50 0
26 0
71 0
100 0
71 2
109 0
130 0
49 5
35 6
71 0
66 0
0 0
29 0
48 0
100 0
50 6
83 0
33 0
96 0
89 0
85 0
112 0
16 3
71 0
136 0
124 0
10 4
73 0
50 0
123 0
79 0
15 6
1 0
125 0
109 0
43 0
56 0
99 0
64 5
77 3
6 1
34 0
126 2
13 0
23 0
48 4
138 0
85 0
31 0
113 0
38 0
10 6
17 0
16 4
15 0
12 0
20 0
19 0
120 4
139 0
11 0
45 0
17 0
106 4
55 0
40 0
64 0
71 0
21 7
85 0
52 0
115 0
119 0
117 0
31 0
23 0
3 5
113 0
35 0
129 0
101 0
50 0
2 5
134 5
46 0
93 0
134 0
103 0
106 0
87 2
13 0
23 0
121 2
139 0
78 0
98 3
57 0
87 0
23 0
92 6
136 0
5 0
122 0
138 0
107 0
32 0
12 0
114 6
6 4
0 2
51 0
113 0
81 1
138 0
105 2
44 0
115 0
32 2
119 0
89 0
101 2
53 7
22 0
16 0
29 0
20 0
26 0
74 0
32 0
138 4
39 0
5 0
0 0
51 0
10 6
36 4
24 0
34 0
45 0
87 0
90 5
10 0
104 0
24 0
111 0
65 0
38 1
125 0
60 0
14 5
134 0
88 0
137 0
132 0
21 0
48 1
41 0
85 4
89 1
55 0
6 4
5 0
39 0
122 0
122 0
75 2
59 0
113 0
131 4
46 0
87 0
59 0
11 0
93 3
8 1
40 0
69 3
74 0
41 0
103 0
19 5
52 0
0 0
104 0
71 0
100 0
122 2
83 0
58 5
35 0
43 0
52 0
80 0
89 0
11 3
100 0
42 5
49 3
50 0
59 0
29 0
91 0
48 4
44 0
48 0
117 0
127 0
21 3
110 0
116 0
87 0
28 5
122 0
71 0
89 0
62 0
33 0
112 1
133 0
